4Grams
rand,0.6634,0.685,0.5959,0.6089,0.4919,0.4813,0.3247,0.607
4Grams
rand,0.6634,0.685,0.5959,0.6089,0.4919,0.4813,0.3247,0.607
4Grams
rand,0.6634,0.685,0.5959,0.6089,0.4919,0.4813,0.3247,0.607
4Grams
rand,0.945,0.9575,0.9479,0.9553,0.316,0.9411,0.0187,0.2994
4Grams
rand,0.945,0.9575,0.9479,0.9553,0.948,0.9411,0.056,0.6155
4Grams
rand,0.9392,0.9527,0.9429,0.9528,0.9494,0.9369,0.0597,0.6216
4Grams
rand,0.945,0.9591,0.948,0.9557,0.9509,0.9397,0.0556,0.6213
4Grams
rand,0.9535,0.9641,0.9556,0.9625,0.9588,0.9493,0.047,0.62
4Grams
rand,0.8621,0.7391,0.7801,0.7677,0.4629,0.7391,0.2609,0.4311
4Grams
rand,0.9557,0.9674,0.9584,0.9641,0.9602,0.952,0.0451,0.6216
6Grams
rand,0.9718,0.9741,0.9722,0.9793,0.9773,0.9707,0.0259,0.616
6Grams
rand,0.9718,0.9696,0.9692,0.973,0.9711,0.9662,0.0338,0.6182
6Grams
rand,0.9716,0.9779,0.9733,0.9773,0.9751,0.9703,0.0284,0.6194
6Grams
rand,0.9721,0.9778,0.9735,0.9776,0.9756,0.9706,0.028,0.6187
4Grams
rand,0.951,0.9645,0.9542,0.9609,0.9559,0.9471,0.049,0.6197
4Grams
rand,0.8621,0.7391,0.7801,0.7677,0.4629,0.7391,0.2609,0.4311
4Grams
rand,0.9487,0.9567,0.9495,0.9595,0.9534,0.9431,0.0505,0.6134
4Grams
rand,0.9583,0.9673,0.961,0.9687,0.9642,0.9572,0.0394,0.6278
4Grams
rand,0.9591,0.968,0.9612,0.9675,0.9637,0.9564,0.0407,0.6195
4Grams
rand,0.9625,0.9726,0.9654,0.9705,0.9669,0.961,0.0371,0.6231
4Grams
rand,0.8621,0.7391,0.7801,0.7677,0.4629,0.7391,0.2609,0.4311
4Grams
rand,0.9561,0.964,0.958,0.966,0.959,0.9538,0.0428,0.625
4Grams
rand,0.9645,0.9724,0.9666,0.9718,0.9649,0.9628,0.0355,0.6273
4Grams
rand,0.9583,0.9696,0.9617,0.9671,0.9623,0.9572,0.0417,0.6306
4Grams
rand,0.9583,0.9696,0.9617,0.9671,0.9623,0.9572,0.0417,0.6306
4Grams
rand,0.9583,0.9696,0.9617,0.9671,0.9623,0.9572,0.0417,0.6306
4Grams
rand,0.9633,0.9732,0.9659,0.9714,0.9687,0.9613,0.036,0.6241
4Grams
rand,0.9625,0.9726,0.9654,0.9705,0.9669,0.961,0.0371,0.6231
4Grams
rand,0.9591,0.968,0.9612,0.9675,0.9637,0.9564,0.0407,0.6195
4Grams
rand,0.9605,0.969,0.9627,0.969,0.9647,0.9585,0.0387,0.6212
4Grams
rand,0.9583,0.9674,0.9606,0.9671,0.9629,0.956,0.0411,0.6214
4Grams
rand,0.8621,0.7391,0.7801,0.7677,0.4629,0.7391,0.2609,0.4311
4Grams
rand,0.9009,0.933,0.9094,0.9192,0.9077,0.8945,0.1031,0.5996
4Grams
rand,0.8621,0.7391,0.7801,0.7677,0.4629,0.7391,0.2609,0.4311,0.6161
4Grams
rand,0.8621,0.7391,0.7801,0.7677,0.4629,0.7391,0.2609,0.4311,0.6161
4Grams
rand,0.7953,0.7412,0.7592,0.7546,0.443,0.7412,0.2588,0.3976,0.6872
4Grams
rand,0.8449,0.8721,0.8489,0.852,0.8199,0.8297,0.1673,0.4941,0.7009
4Grams
rand,0.8335,0.8687,0.8418,0.8454,0.8207,0.8232,0.1768,0.4876,0.68
4Grams
rand,0.8335,0.8687,0.8418,0.8454,0.8207,0.8232,0.1768,0.4876,0.68
4Grams
rand,0.7953,0.7412,0.7592,0.7546,0.443,0.7412,0.2588,0.3976,0.6872
4Grams
rand,0.847,0.8843,0.8558,0.8574,0.8283,0.836,0.1633,0.5019,0.6921
4Grams
rand,0.848,0.8885,0.8581,0.8592,0.8321,0.8377,0.1615,0.5053,0.6906
4Grams
rand,0.8449,0.8891,0.8563,0.8566,0.8301,0.8348,0.1652,0.5063,0.6826
4Grams
rand,0.8449,0.8891,0.8563,0.8566,0.8301,0.8348,0.1652,0.5063,0.6826
2Grams
rand,0.8,0.76,0.77,0.77,0.57,0.75,0.25,0.41,0.68
3Grams
rand,0.82,0.84,0.82,0.82,0.77,0.8,0.2,0.47,0.67
5Grams
rand,0.85,0.92,0.87,0.87,0.85,0.85,0.15,0.54,0.67
6Grams
rand,0.9,0.94,0.91,0.91,0.9,0.89,0.11,0.54,0.74
4Grams
rand,0.84,0.87,0.84,0.85,0.81,0.82,0.18,0.49,0.68
4Grams
rand,0.84,0.88,0.85,0.85,0.82,0.83,0.17,0.49,0.69
4Grams
rand,0.84,0.87,0.84,0.85,0.82,0.82,0.18,0.49,0.69
4Grams
rand,0.84,0.87,0.85,0.85,0.82,0.83,0.17,0.49,0.69
4Grams
rand,0.83,0.86,0.83,0.84,0.8,0.81,0.19,0.48,0.68
4Grams
rand,0.83,0.86,0.83,0.84,0.8,0.81,0.19,0.48,0.68
4Grams
rand,0.92,0.93,0.92,0.92,0.9,0.91,0.09,0.55,0.8
4Grams
rand,0.92,0.93,0.92,0.92,0.91,0.91,0.09,0.54,0.81
4Grams
rand,0.83,0.87,0.84,0.84,0.81,0.82,0.18,0.49,0.68
4Grams
rand,0.83,0.86,0.84,0.84,0.81,0.82,0.18,0.48,0.68
4Grams
rand,0.92,0.93,0.92,0.92,0.91,0.91,0.08,0.54,0.81
4Grams
rand,0.92,0.94,0.92,0.93,0.91,0.91,0.08,0.54,0.8
4Grams
rand,0.92,0.93,0.92,0.92,0.91,0.91,0.09,0.54,0.8
4Grams
rand,0.93,0.94,0.93,0.93,0.92,0.92,0.08,0.54,0.8
2Grams
rand,0.9,0.92,0.9,0.91,0.89,0.89,0.11,0.54,0.77
3Grams
rand,0.9,0.91,0.9,0.9,0.88,0.89,0.11,0.54,0.77
5Grams
rand,0.93,0.94,0.93,0.93,0.92,0.92,0.08,0.54,0.81
6Grams
rand,0.95,0.95,0.95,0.95,0.94,0.94,0.06,0.54,0.83
3Grams
rand,0.91,0.93,0.91,0.91,0.89,0.9,0.1,0.54,0.78
4Grams
rand,0.91,0.92,0.91,0.91,0.89,0.9,0.1,0.55,0.78
4Grams
rand,0.92,0.93,0.92,0.93,0.92,0.91,0.08,0.54,0.81
4Grams
rand,0.92,0.93,0.92,0.92,0.9,0.91,0.09,0.54,0.79
4Grams
rand,0.93,0.96,0.94,0.94,0.93,0.93,0.07,0.55,0.81
4Grams
rand,0.78,0.77,0.76,0.76,0.61,0.74,0.26,0.46,0.65
4Grams
rand,0.78,0.77,0.76,0.76,0.65,0.74,0.26,0.48,0.63
2Grams
rand,0.9,0.92,0.9,0.91,0.89,0.89,0.11,0.54,0.77
3Grams
rand,0.91,0.92,0.91,0.91,0.89,0.89,0.1,0.53,0.79
5Grams
rand,0.93,0.94,0.93,0.93,0.92,0.92,0.08,0.54,0.81
6Grams
rand,0.95,0.95,0.95,0.95,0.94,0.94,0.06,0.54,0.83
4Grams
rand,0.78,0.77,0.76,0.76,0.61,0.74,0.26,0.46,0.65
2Grams
rand,0.9,0.92,0.9,0.9,0.88,0.88,0.11,0.54,0.76
3Grams
rand,0.91,0.92,0.91,0.91,0.89,0.89,0.1,0.55,0.78
5Grams
rand,0.93,0.94,0.93,0.93,0.92,0.92,0.08,0.54,0.8
2Grams
rand,0.88,0.91,0.89,0.89,0.86,0.87,0.13,0.53,0.74
6Grams
rand,0.95,0.96,0.95,0.95,0.94,0.94,0.06,0.54,0.83
2Grams
rand,0.88,0.89,0.87,0.88,0.85,0.86,0.13,0.52,0.75
3Grams
rand,0.91,0.92,0.91,0.91,0.89,0.89,0.1,0.54,0.79
5Grams
rand,0.94,0.94,0.94,0.94,0.93,0.93,0.07,0.54,0.82
2Grams
rand,0.8,0.75,0.77,0.76,0.5,0.75,0.25,0.41,0.69
4Grams
rand,0.92,0.94,0.92,0.93,0.91,0.91,0.08,0.54,0.8
4Grams
rand,0.94,0.95,0.94,0.94,0.93,0.94,0.06,0.55,0.83
4Grams
rand,0.92,0.93,0.92,0.93,0.92,0.91,0.08,0.54,0.81
4Grams
rand,0.92,0.93,0.92,0.93,0.91,0.91,0.08,0.54,0.81
4Grams
rand,0.94,0.95,0.94,0.94,0.93,0.94,0.06,0.55,0.84
4Grams
rand,0.87,0.89,0.87,0.86,0.84,0.84,0.16,0.53,0.73
4Grams
rand,0.95,0.95,0.95,0.95,0.94,0.94,0.06,0.54,0.84
4Grams
rand,0.95,0.96,0.95,0.96,0.94,0.95,0.05,0.54,0.85
4Grams
rand,0.79,0.74,0.76,0.75,0.44,0.74,0.26,0.39,0.69
4Grams
rand,0.78,0.77,0.76,0.76,0.61,0.74,0.26,0.46,0.65
4Grams
rand,0.79,0.74,0.76,0.75,0.44,0.74,0.26,0.39,0.69
4Grams
rand,0.92,0.94,0.92,0.93,0.91,0.91,0.08,0.54,0.8
